M1 = 100;
M2 = 20;
k1 = 50;
k2 = 25;
b = 50;