M1 = 465;
M2 = 50;
K1 = 5700;
K2 = 135000;
b = 290;
